2004000
2004001
2004002
2004003
2004004
2004005
2004006
2004007
2004008
2004009
2004010
2004011
2004012
2004013
2004014
2004015
2004016
2004017
2004018
2004019
2004020
2004021
2004022
2004023
2004024
2004025
2004026
2004027
2004028
2004029
2004030
2004031
2004032
2004033
2004034
2004035
2004036
2004037
2004038
2004039
2004040
2004041
2004042
2004043
2004044
2004045
2004046
2004047
2004048
2004049
2004050
2004051
2004052
2004053
2004054
2004055
2004056
2004057
2004058
2004059
2004060
2004061
2004062
2004063
2004064
2004065
2004066
2004067
2004068
2004069
2004070
2004071
2004072
2004073
2004074
2004075
2004076
2004077
2004078
2004079
2004080
2004081
2004082
2004083
2004084
2004085
2004086
2004087
2004088
2004089
2004090
2004091
2004092
2004093
2004094
2004095
2004096
2004097
2004098
2004099
2004100
2004101
2004102
2004103
2004104
2004105
2004106
2004107
2004108
2004109
2004110
2004111
2004112
2004113
2004114
2004115
2004116
2004117
2004118
2004119
2004120
2004121
2004122
2004123
2004124
2004125
2004126
2004127
2004128
2004129
2004130
2004131
2004132
